5000
0.0001410000
0.0000770000
10000
0.0003130000
0.0001780000
15000
0.0005240000
0.0003040000
20000
0.0011750000
0.0005750000
25000
0.0014930000
0.0008190000
30000
0.0020970000
0.0008780000
35000
0.0016810000
0.0011010000
40000
0.0026000000
0.0015870000
45000
0.0026080000
0.0017190000
50000
0.0027420000
0.0019480000
55000
0.0030940000
0.0024270000
60000
0.0040560000
0.0032810000
65000
0.0035800000
0.0033860000
70000
0.0042030000
0.0039270000
75000
0.0052280000
0.0046860000
80000
0.0048590000
0.0045430000
85000
0.0057850000
0.0057800000
90000
0.0053880000
0.0061020000
95000
0.0059160000
0.0071170000
100000
0.0069450000
0.0081640000
