5000
0.0001750000
0.0000950000
10000
0.0003930000
0.0002310000
15000
0.0009070000
0.0004310000
20000
0.0013070000
0.0007480000
25000
0.0013580000
0.0010350000
30000
0.0014980000
0.0012950000
35000
0.0022390000
0.0018570000
40000
0.0027770000
0.0025880000
45000
0.0033290000
0.0036110000
50000
0.0036470000
0.0037300000
55000
0.0041930000
0.0043230000
60000
0.0049160000
0.0060070000
65000
0.0056010000
0.0065230000
70000
0.0055890000
0.0067860000
75000
0.0061290000
0.0080830000
80000
0.0065870000
0.0094550000
85000
0.0074320000
0.0102700000
90000
0.0073190000
0.0114810000
95000
0.0115920000
0.0144720000
100000
0.0091010000
0.0149610000
